000000
000001
000002
000003
000004
000005
000006
000007
000008
000009
000010
000011
000012
000013
000014
000015
000016
000017
000018
000019
000020
000021
000022
000023
000024
000025
000026
000027
000028
000029
000030
000031
000032
000033
000034
000035
000036
000037
000038
000039
000040
000041
000042
000043
000044
000045
000046
000047
000048
000049
000050
000051
000053
000055
000056
000057
000059
000061
000062
000063
000064
000065
000066
000067
000068
000069
000071
000073
000075
000076
000077
000078
000079
000081
000084
000085
000088
000089
000090
000091
000092
000094
000095
000096
000098
000099
000100
000101
000102
000104
000105
000106
000107
000108
000110
000111
000113
000114
000115
000116
000118
000120
000121
000122
000123
000125
000126
000128
000129
000130
000131
000132
000133
000136
000137
000139
000140
000141
000142
000143
000144
000146
000147
000148
000149
000150
000152
000155
000157
000158
000165
000167
000168
000170
000171
000172
000173
000174
000175
000176
000177
000178
000179
000180
000182
000183
000184
000185
000187
000188
000190
000191
000192
000194
000195
000196
000200
000201
000202
000203
000204
000205
000207
000210
000211
000214
000215
000216
000219
000221
000222
000223
000227
000228
000229
000230
000231
000232
000233
000235
000236
000237
000239
000240
000241
000242
000243
000244
000246
000247
000248
000249
000250
000251
000252
000253
000254
000255
000257
000258
000260
000261
000262
000264
000265
000266
000268
000269
000270
000272
000273
000274
000275
000277
000278
000279
000280
000281
000282
000283
000285
000286
000287
000289
000291
000292
000293
000295
000296
000297
000299
000300
000301
000302
000303
000304
000305
000307
000309
000311
000312
000313
000314
000315
000316
000318
000319
000320
000321
000322
000323
000328
000329
000330
000332
000334
000335
000336
000340
000341
000342
000343
000344
000345
000347
000348
000349
000351
000352
000354
000355
000356
000357
000358
000359
000360
000362
000364
000367
000369
000371
000372
000374
000376
000377
000379
000380
000382
000385
000386
000387
000388
000389
000390
000391
000394
000396
000399
000400
000401
000402
000403
000404
000405
000406
000408
000409
000411
000412
000413
000415
000416
000417
000418
000419
000420
000421
000422
000423
000424
000425
000426
000427
000430
000431
000432
000434
000436
000437
000438
000440
000441
000442
000443
000444
000445
000446
000450
000451
000452
000454
000456
000457
000459
000461
000462
000463
000464
000466
000467
000468
000470
000471
000472
000473
000474
000476
000478
000479
000480
000481
000482
000483
000484
000485
000487
000488
000489
000490
000491
000492
000493
000494
000496
000497
000499
000500
000501
000502
000503
000506
000507
000508
000510
000511
000512
000513
000514
000515
000517
000518
000521
000522
000523
000524
000525
000527
000528
000529
000531
000533
000534
000536
000537
000539
000540
000541
000542
000543
000544
000545
000546
000547
000548
000549
000550
000551
000552
000553
000555
000556
000558
000559
000560
000561
000563
000564
000565
000566
000567
000568
000569
000570
000571
000572
000573
000574
000576
000577
000578
000579
000580
000581
000583
000584
000585
000586
000587
000589
000592
000593
000594
000595
000596
000597
000599
000600
000601
000602
000606
000607
000608
000609
000610
000611
000613
000614
000615
000616
000618
000619
000620
000621
000624
000626
000627
000629
000630
000631
000634
000635
000636
000638
000639
000641
000642
000643
000644
000645
000647
000648
000649
000650
000651
000652
000653
000654
000655
000657
000658
000659
000660
000661
000662
000663
000667
000668
000669
000670
000672
000675
000677
000678
000679
000680
000681
000682
000683
000687
000688
000689
000690
000694
000696
000697
000698
000699
000700
000702
000704
000705
000706
000707
000709
000710
000712
000713
000714
000715
000716
000717
000718
000720
000721
000722
000723
000725
000727
000728
000730
000731
000732
000733
000734
000735
000736
000738
000740
000741
000742
000745
000747
000748
000749
000750
000752
000753
000754
000755
000756
000757
000759
000761
000766
000767
000768
000769
000772
000773
000774
000775
000776
000778
000780
000781
000782
000785
000786
000788
000789
000790
000791
000792
000796
000797
000800
000801
000803
000804
000805
000806
000807
000808
000809
000810
000811
000812
000814
000815
000816
000818
000819
000820
000821
000823
000824
000826
000829
000832
000833
000834
000835
000836
000837
000838
000839
000840
000841
000842
000844
000845
000848
000849
000850
000851
000852
000854
000855
000856
000857
000859
000860
000861
000863
000865
000866
000867
000869
000870
000872
000873
000876
000877
000878
000879
000880
000881
000882
000884
000885
000887
000890
000892
000893
000894
000895
000896
000897
000898
000899
000900
000901
000903
000904
000905
000907
000909
000910
000911
000912
000913
000914
000915
000916
000917
000918
000920
000921
000922
000923
000926
000929
000930
000931
000932
000933
000934
000935
000936
000937
000938
000939
000940
000941
000943
000945
000946
000948
000949
000950
000951
000952
000954
000955
000956
000958
000959
000960
000961
000962
000964
000965
000967
000968
000969
000971
000972
000973
000974
000975
000976
000977
000978
000979
000980
000981
000982
000983
000984
000985
000986
000988
000990
000991
000992
000993
000994
000996
000997
000998
000999
001000
001001
001002
001004
001005
001006
001008
001010
001012
001013
001014
001016
001017
001018
001019
001024
001025
001026
001027
001030
001032
001034
001035
001038
001039
001040
001041
001042
001044
001045
001046
001047
001048
001050
001051
001052
001053
001054
001055
001056
001058
001059
001060
001062
001063
001064
001068
001070
001072
001073
001074
001075
001076
001079
001080
001081
001082
001084
001086
001089
001090
001092
001094
001095
001096
001097
001099
001100
001101
001103
001104
001105
001106
001107
001109
001110
001111
001112
001114
001115
001116
001117
001118
001120
001121
001122
001123
001126
001127
001128
001129
001130
001131
001132
001133
001134
001135
001137
001138
001141
001142
001143
001144
001145
001146
001147
001148
001149
001152
001153
001154
001155
001156
001157
001158
001159
001163
001166
001167
001168
001170
001171
001172
001173
001175
001176
001177
001178
001179
001180
001182
001183
001186
001187
001190
001192
001193
001194
001195
001196
001197
001198
001200
001201
001202
001203
001204
001207
001209
001211
001212
001213
001214
001215
001216
001217
001218
001219
001221
001223
001224
001226
001227
001229
001231
001234
001235
001236
001238
001241
001242
001243
001244
001245
001247
001248
001250
001251
001252
001253
001254
001255
001257
001258
001259
001260
001261
001262
001263
001265
001267
001268
001269
001271
001273
001274
001275
001276
001277
001278
001280
001281
001282
001283
001284
001285
001287
001288
001290
001291
001292
001293
001296
001297
001298
001301
001302
001304
001305
001306
001307
001310
001311
001312
001316
001318
001319
001321
001322
001324
001325
001326
001327
001328
001329
001331
001332
001333
001334
001335
001336
001337
001338
001339
001340
001341
001342
001343
001344
001345
001346
001347
001349
001350
001352
001353
001355
001356
001359
001360
001362
001363
001365
001367
001368
001369
001370
001371
001372
001373
001375
001376
001377
001379
001380
001381
001382
001383
001385
001387
001390
001393
001395
001396
001398
001399
001402
001403
001404
001405
001407
001408
001409
001411
001412
001413
001415
001417
001418
001419
001424
001425
001426
001429
001430
001432
001435
001436
001437
001439
001440
001442
001443
001445
001446
001447
001448
001450
001451
001452
001453
001454
001455
001457
001458
001461
001463
001464
001465
001467
001468
001469
001470
001471
001472
001474
001475
001476
001478
001479
001480
001481
001482
001483
001485
001488
001489
001490
001491
001492
001493
001494
001495
001498
001501
001502
001503
001504
001505
001506
001507
001508
001510
001511
001512
001514
001516
001517
001518
001520
001521
001524
001525
001526
001527
001528
001530
001532
001533
001534
001535
001536
001537
001538
001539
001541
001542
001543
001545
001546
001549
001552
001555
001557
001559
001560
001561
001562
001563
001564
001565
001566
001567
001569
001572
001573
001575
001576
001577
001579
001580
001582
001585
001586
001587
001588
001590
001591
001592
001593
001594
001595
001597
001598
001599
001601
001603
001604
001605
001606
001607
001608
001610
001612
001613
001614
001615
001616
001617
001618
001619
001620
001622
001623
001624
001625
001626
001627
001628
001629
001630
001631
001635
001637
001638
001639
001641
001642
001644
001645
001646
001647
001650
001651
001652
001656
001657
001658
001659
001660
001661
001662
001663
001664
001665
001666
001667
001669
001670
001671
001674
001675
001676
001677
001678
001680
001681
001684
001685
001687
001690
001691
001693
001694
001696
001697
001698
001702
001703
001704
001705
001706
001707
001710
001711
001712
001713
001715
001717
001719
001720
001721
001723
001724
001726
001727
001729
001730
001731
001732
001733
001735
001736
001738
001739
001740
001741
001742
001743
001747
001749
001750
001751
001752
001753
001755
001756
001757
001759
001760
001762
001763
001764
001765
001767
001768
001769
001770
001771
001772
001773
001774
001776
001778
001781
001783
001784
001786
001787
001788
001789
001790
001791
001792
001793
001794
001795
001797
001798
001799
001800
001801
001802
001803
001805
001806
001807
001808
001809
001810
001812
001813
001815
001816
001818
001820
001822
001823
001824
001825
001826
001828
001829
001831
001832
001833
001836
001838
001841
001842
001843
001844
001845
001847
001848
001850
001851
001853
001854
001855
001856
001858
001860
001862
001863
001866
001867
001868
001869
001870
001871
001872
001873
001874
001875
001876
001878
001880
001881
001882
001883
001884
001885
001886
001887
001889
001890
001891
001892
001893
001895
001897
001898
001899
001900
001901
001903
001904
001907
001908
001910
001913
001914
001915
001916
001917
001918
001919
001920
001921
001922
001924
001925
001926
001928
001929
001931
001932
001933
001934
001936
001937
001939
001940
001942
001943
001944
001945
001946
001948
001949
001951
001952
001953
001955
001956
001960
001961
001963
001964
001965
001967
001968
001972
001973
001974
001975
001976
001977
001978
001980
001981
001983
001985
001986
001988
001989
001990
001991
001992
001993
001994
001995
001996
001997
002001
002002
002003
002004
002005
002007
002008
002009
002010
002011
002013
002015
002016
002017
002018
002019
002020
002021
002022
002025
002026
002027
002029
002031
002033
002034
002035
002036
002037
002038
002039
002040
002041
002042
002043
002044
002045
002046
002048
002049
002051
002052
002053
002054
002055
002056
002057
002060
002061
002062
002065
002066
002067
002068
002069
002070
002071
002073
002074
002075
002077
002078
002079
002081
002087
002088
002090
002091
002093
002094
002097
002099
002100
002101
002103
002104
002105
002106
002107
002109
002110
002111
002112
002113
002114
002115
002118
002119
002121
002122
002123
002125
002126
002127
002128
002129
002130
002131
002132
002133
002134
002136
002137
002138
002139
002140
002141
002142
002143
002146
002147
002149
002151
002152
002153
002154
002155
002157
002158
002160
002163
002165
002166
002167
002169
002170
002172
002173
002174
002176
002179
002180
002181
002182
002183
002184
002186
002188
002189
002190
002191
002192
002193
002194
002196
002197
002198
002199
002200
002201
002202
002203
002204
002205
002206
002207
002208
002212
002213
002215
002217
002218
002220
002221
002222
002223
002224
002227
002228
002229
002230
002231
002232
002233
002234
002235
002236
002237
002238
002239
002240
002242
002243
002244
002246
002248
002250
002253
002254
002255
002256
002258
002259
002260
002261
002262
002263
002264
002265
002266
002268
002269
002272
002273
002275
002276
002277
002278
002279
002280
002281
002282
002283
002284
002285
002286
002288
002290
002291
002292
002293
002294
002295
002296
002298
002300
002301
002302
002303
002304
002305
002306
002307
002308
002309
002311
002313
002314
002315
002316
002317
002318
002319
002320
002321
002323
002325
002326
002328
002329
002330
002331
002333
002335
002336
002337
002339
002341
002343
002345
002346
002347
002348
002349
002350
002351
002352
002353
002354
002356
002358
002359
002362
002363
002364
002365
002366
002367
002369
002370
002371
002372
002374
002375
002376
002378
002379
002381
002382
002383
002384
002386
002387
002390
002391
002392
002393
002394
002395
002396
002397
002400
002401
002404
002405
002407
002409
002411
002413
002414
002415
002417
002418
002419
002420
002422
002425
002426
002427
002428
002431
002432
002434
002435
002436
002438
002439
002440
002441
002442
002444
002447
002448
002449
002451
002452
002453
002457
002458
002459
002460
002461
002462
002463
002464
002465
002467
002468
002469
002471
002472
002475
002476
002477
002479
002480
002481
002483
002486
002488
002490
002491
002492
002494
002495
002496
002497
002498
002499
002500
002501
002502
002504
002506
002508
002509
002510
002511
002512
002513
002515
002516
002517
002518
002519
002520
002521
002522
002523
002525
002526
002527
002532
002533
002534
002536
002537
002538
002539
002540
002541
002542
002543
002544
002545
002547
002548
002549
002550
002552
002553
002556
002557
002561
002562
002564
002567
002568
002569
002570
002572
002573
002575
002576
002577
002578
002579
002580
002581
002582
002583
002584
002585
002586
002587
002588
002589
002590
002591
002593
002594
002595
002596
002598
002599
002600
002602
002603
002604
002606
002607
002608
002609
002611
002612
002613
002614
002616
002619
002620
002621
002623
002624
002625
002627
002628
002629
002630
002631
002632
002633
002634
002636
002637
002639
002640
002641
002642
002644
002645
002646
002649
002650
002652
002653
002654
002655
002656
002657
002659
002660
002661
002662
002664
002665
002668
002669
002672
002673
002675
002676
002677
002678
002679
002681
002682
002683
002684
002685
002686
002687
002688
002690
002691
002694
002695
002696
002697
002698
002699
002701
002702
002703
002704
002705
002706
002708
002709
002710
002711
002713
002715
002716
002717
002720
002722
002725
002726
002727
002728
002729
002731
002732
002733
002734
002736
002740
002741
002743
002744
002745
002746
002749
002750
002752
002755
002757
002758
002759
002760
002761
002762
002764
002765
002766
002768
002770
002772
002773
002775
002776
002778
002779
002782
002783
002784
002786
002787
002788
002789
002790
002791
002792
002794
002796
002797
002800
002801
002804
002805
002806
002807
002808
002809
002810
002813
002814
002817
002819
002820
002821
002822
002824
002825
002827
002828
002830
002831
002832
002833
002834
002835
002836
002839
002840
002841
002842
002844
002847
002850
002851
002852
002854
002855
002856
002858
002859
002861
002862
002863
002864
002865
002866
002867
002870
002871
002872
002873
002874
002876
002877
002878
002879
002880
002881
002882
002883
002884
002885
002886
002887
002888
002889
002890
002891
002892
002893
002894
002896
002897
002899
002900
002901
002902
002903
002905
002909
002911
002912
002914
002915
002916
002917
002919
002921
002922
002924
002925
002926
002928
002930
002931
002932
002933
002934
002935
002936
002937
002938
002939
002940
002941
002942
002943
002944
002945
002947
002948
002949
002950
002951
002954
002955
002957
002958
002959
002960
002961
002962
002963
002966
002967
002969
002970
002971
002972
002974
002975
002977
002978
002980
002982
002983
002985
002986
002987
002988
002989
002991
002992
002993
002995
002996
002997
003000
003003
003005
003006
003007
003008
003009
003010
003011
003012
003013
003014
003018
003019
003020
003021
003022
003023
003026
003027
003029
003031
003032
003033
003034
003035
003036
003038
003039
003041
003042
003044
003045
003046
003047
003048
003049
003051
003052
003054
003055
003058
003061
003062
003063
003064
003066
003067
003070
003072
003073
003074
003075
003076
003078
003080
003081
003082
003084
003086
003087
003088
003089
003091
003092
003093
003094
003095
003096
003097
003099
003100
003102
003103
003104
003106
003109
003110
003112
003113
003115
003116
003117
003118
003120
003123
003125
003126
003127
003128
003129
003132
003133
003135
003136
003137
003140
003142
003143
003145
003147
003149
003151
003152
003153
003157
003158
003160
003161
003163
003165
003169
003175
003176
003178
003179
003180
003181
003182
003184
003186
003187
003188
003189
003190
003191
003198
003200
003201
003202
003204
003205
003206
003207
003208
003209
003210
003212
003213
003214
003216
003217
003218
003222
003223
003225
003226
003227
003228
003229
003230
003233
003235
003237
003238
003239
003242
003243
003246
003248
003249
003250
003251
003252
003254
003255
003256
003257
003258
003259
003261
003262
003264
003265
003266
003267
003271
003272
003273
003274
003275
003276
003279
003280
003281
003282
003283
003284
003289
003290
003292
003293
003294
003297
003299
003300
003302
003305
003306
003308
003309
003311
003312
003313
003316
003317
003318
003319
003320
003322
003325
003326
003327
003328
003329
003332
003334
003335
003337
003341
003343
003344
003345
003346
003347
003350
003351
003352
003354
003355
003356
003357
003358
003359
003360
003362
003363
003364
003365
003366
003367
003369
003371
003372
003373
003376
003377
003378
003379
003380
003381
003382
003383
003384
003385
003388
003389
003390
003393
003394
003395
003396
003397
003399
003400
003401
003402
003403
003405
003406
003408
003410
003412
003413
003414
003415
003417
003418
003419
003420
003422
003423
003424
003425
003427
003428
003429
003430
003431
003432
003436
003438
003439
003440
003441
003442
003443
003444
003445
003446
003447
003448
003450
003451
003452
003453
003455
003456
003457
003458
003459
003461
003462
003463
003466
003467
003468
003469
003470
003471
003473
003475
003478
003479
003480
003482
003483
003484
003485
003486
003487
003488
003490
003491
003492
003493
003494
003495
003496
003497
003498
003500
003501
003503
003506
003507
003508
003509
003510
003511
003512
003513
003514
003515
003517
003518
003519
003520
003522
003523
003524
003525
003528
003530
003532
003533
003535
003537
003538
003539
003540
003541
003542
003543
003544
003545
003546
003547
003549
003550
003552
003553
003554
003555
003557
003558
003559
003561
003562
003563
003564
003565
003566
003567
003568
003569
003572
003573
003575
003577
003578
003580
003582
003583
003584
003586
003588
003589
003590
003592
003593
003594
003595
003596
003597
003599
003600
003601
003602
003603
003604
003606
003608
003610
003611
003613
003614
003616
003619
003620
003622
003623
003624
003626
003627
003629
003630
003631
003632
003635
003636
003637
003638
003639
003640
003642
003643
003644
003645
003646
003647
003648
003650
003651
003653
003654
003655
003656
003657
003658
003659
003660
003661
003662
003663
003666
003669
003671
003672
003673
003674
003677
003678
003679
003680
003681
003682
003683
003685
003686
003687
003688
003689
003691
003692
003693
003695
003697
003698
003699
003702
003704
003705
003706
003707
003711
003712
003714
003715
003718
003721
003723
003724
003725
003726
003727
003728
003729
003730
003731
003733
003734
003735
003738
003739
003740
003744
003746
003747
003749
003750
003751
003752
003753
003754
003755
003756
003758
003759
003760
003761
003762
003763
003764
003765
003768
003769
003771
003772
003773
003775
003777
003778
003781
003784
003785
003788
003789
003790
003791
003792
003794
003795
003796
003798
003800
003801
003803
003804
003805
003806
003807
003808
003809
003810
003811
003812
003813
003814
003815
003816
003817
003818
003820
003824
003825
003826
003827
003828
003831
003833
003834
003836
003837
003840
003841
003843
003844
003845
003846
003847
003848
003852
003854
003855
003857
003859
003860
003862
003863
003865
003867
003869
003871
003872
003873
003874
003875
003876
003877
003878
003879
003880
003881
003883
003884
003885
003886
003887
003888
003890
003892
003893
003894
003896
003897
003899
003900
003903
003904
003905
003906
003907
003908
003909
003910
003911
003913
003914
003916
003917
003918
003919
003920
003921
003924
003928
003929
003930
003932
003933
003934
003935
003936
003937
003938
003940
003941
003942
003943
003944
003945
003946
003947
003948
003949
003950
003953
003955
003956
003957
003959
003961
003962
003963
003964
003965
003966
003968
003970
003972
003973
003976
003977
003979
003982
003985
003986
003987
003988
003990
003991
003992
003993
003995
003996
003998
003999
004000
004001
004002
004003
004004
004005
004006
004007
004008
004009
004010
004011
004014
004015
004016
004017
004018
004019
004020
004022
004024
004026
004027
004028
004029
004030
004031
004033
004034
004035
004036
004038
004039
004040
004041
004042
004043
004044
004047
004048
004050
004051
004052
004054
004055
004058
004059
004060
004061
004062
004063
004064
004066
004067
004068
004071
004072
004075
004076
004077
004080
004081
004082
004083
004084
004086
004087
004088
004089
004091
004092
004094
004097
004099
004100
004101
004104
004105
004107
004108
004110
004111
004112
004113
004114
004115
004117
004118
004121
004122
004124
004126
004127
004128
004129
004130
004131
004132
004133
004134
004135
004138
004140
004141
004143
004144
004145
004146
004149
004150
004151
004152
004153
004154
004157
004158
004159
004160
004161
004162
004163
004164
004166
004167
004168
004169
004171
004172
004173
004174
004175
004176
004177
004179
004181
004183
004186
004187
004188
004190
004191
004193
004194
004195
004197
004198
004199
004200
004201
004202
004203
004204
004205
004206
004208
004209
004210
004211
004213
004214
004215
004216
004217
004218
004220
004222
004223
004224
004225
004226
004227
004228
004230
004231
004233
004234
004235
004236
004238
004239
004242
004243
004244
004245
004246
004248
004249
004251
004253
004254
004255
004256
004257
004258
004260
004264
004265
004266
004267
004269
004270
004271
004272
004273
004275
004277
004278
004279
004280
004281
004282
004284
004285
004286
004288
004290
004292
004293
004294
004295
004296
004298
004299
004301
004302
004303
004304
004305
004306
004307
004309
004311
004313
004314
004315
004316
004317
004318
004319
004321
004322
004324
004327
004329
004331
004333
004334
004335
004336
004337
004339
004340
004341
004342
004343
004344
004345
004348
004349
004350
004352
004354
004355
004356
004357
004359
004363
004364
004365
004366
004368
004370
004372
004373
004374
004376
004377
004378
004379
004381
004382
004383
004385
004387
004390
004391
004393
004394
004395
004396
004397
004398
004399
004401
004402
004403
004407
004408
004409
004411
004413
004415
004416
004418
004419
004420
004421
004423
004424
004425
004426
004428
004429
004430
004431
004432
004434
004435
004436
004438
004439
004440
004441
004442
004443
004444
004445
004446
004447
004448
004450
004451
004452
004453
004454
004455
004456
004457
004458
004460
004461
004464
004465
004466
004467
004468
004471
004472
004474
004475
004476
004478
004479
004480
004481
004483
004484
004485
004486
004487
004488
004490
004491
004492
004494
004495
004497
004498
004500
004501
004502
004504
004507
004510
004511
004512
004513
004516
004517
004518
004519
004520
004522
004523
004526
004528
004529
004530
004531
004532
004533
004534
004535
004539
004540
004542
004545
004546
004547
004548
004549
004551
004555
004556
004557
004559
004560
004562
004563
004565
004566
004568
004570
004572
004573
004574
004575
004576
004577
004579
004581
004582
004586
004588
004590
004591
004592
004596
004598
004599
004600
004601
004602
004604
004606
004607
004608
004611
004612
004613
004614
004615
004616
004617
004618
004620
004621
004623
004624
004628
004629
004630
004631
004632
004635
004636
004637
004639
004640
004641
004642
004644
004645
004647
004648
004649
004650
004651
004653
004654
004655
004656
004657
004658
004659
004660
004663
004664
004665
004666
004667
004669
004671
004672
004673
004675
004676
004677
004678
004680
004681
004682
004683
004684
004685
004686
004687
004688
004689
004690
004693
004694
004695
004697
004698
004699
004700
004701
004703
004705
004706
004707
004710
004711
004712
004714
004715
004716
004717
004718
004721
004722
004725
004726
004727
004728
004729
004732
004734
004737
004738
004739
004740
004741
004742
004743
004744
004745
004746
004749
004750
004751
004756
004757
004758
004759
004760
004761
004763
004764
004765
004767
004769
004771
004772
004773
004774
004775
004776
004777
004778
004779
004781
004782
004783
004784
004785
004790
004791
004792
004793
004798
004799
004801
004802
004803
004806
004808
004809
004811
004813
004814
004816
004817
004818
004819
004820
004823
004824
004825
004827
004828
004829
004831
004832
004833
004834
004835
004836
004837
004838
004839
004841
004842
004843
004845
004846
004847
004848
004850
004852
004853
004855
004856
004857
004861
004863
004864
004865
004866
004867
004868
004870
004872
004873
004874
004875
004876
004878
004879
004881
004882
004883
004885
004886
004887
004888
004889
004890
004891
004892
004893
004894
004895
004897
004898
004900
004902
004904
004905
004906
004907
004908
004910
004914
004916
004917
004918
004919
004921
004923
004925
004927
004929
004930
004931
004932
004935
004936
004937
004939
004941
004942
004946
004947
004948
004950
004951
004953
004954
004955
004956
004958
004961
004962
004963
004965
004966
004968
004969
004971
004974
004978
004979
004980
004981
004982
004983
004987
004988
004989
004991
004992
004993
004994
004995
004998
005001
005003
005004
005006
005008
005009
005010
005011
005012
005014
005015
005018
005019
005021
005022
005023
005025
005026
005028
005029
005032
005033
005034
005035
005036
005040
005041
005042
005044
005045
005046
005047
005048
005051
005052
005053
005054
005055
005058
005060
005061
005062
005063
005065
005066
005067
005068
005069
005071
005072
005073
005077
005079
005080
005081
005082
005084
005085
005086
005087
005088
005090
005091
005093
005094
005095
005096
005097
005098
005099
005100
005101
005104
005105
005108
005109
005111
005113
005114
005116
005117
005118
005119
005120
005121
005122
005126
005127
005128
005130
005132
005133
005134
005135
005136
005137
005138
005139
005140
005141
005142
005143
005144
005146
005147
005148
005151
005152
005153
005154
005155
005156
005157
005158
005160
005161
005164
005167
005169
005170
005171
005172
005173
005175
005177
005178
005179
005180
005181
005183
005184
005185
005186
005187
005188
005191
005192
005193
005194
005195
005196
005197
005199
005200
005202
005203
005204
005205
005206
005209
005212
005213
005214
005216
005219
005220
005221
005222
005223
005224
005225
005227
005229
005230
005233
005236
005237
005239
005241
005243
005244
005245
005246
005248
005249
005250
005252
005253
005254
005255
005256
005257
005258
005260
005261
005262
005263
005264
005266
005267
005268
005270
005271
005275
005276
005277
005278
005279
005281
005282
005284
005286
005288
005289
005290
005293
005294
005295
005296
005297
005298
005299
005302
005303
005306
005307
005308
005309
005310
005311
005313
005314
005315
005316
005318
005319
005320
005321
005322
005323
005325
005326
005327
005328
005330
005331
005332
005333
005334
005335
005336
005338
005339
005340
005341
005342
005343
005344
005345
005346
005347
005348
005349
005350
005351
005352
005353
005354
005355
005356
005357
005359
005362
005363
005364
005365
005366
005367
005368
005369
005370
005371
005372
005373
005374
005375
005377
005378
005379
005380
005382
005383
005385
005387
005389
005390
005394
005397
005398
005399
005400
005402
005403
005404
005405
005406
005407
005409
005410
005411
005412
005413
005414
005415
005417
005419
005423
005424
005425
005431
005432
005434
005435
005436
005437
005440
005441
005442
005444
005446
005447
005448
005450
005452
005454
005455
005456
005458
005459
005460
005462
005463
005464
005466
005467
005471
005472
005473
005474
005475
005476
005477
005478
005479
005481
005483
005484
005485
005486
005488
005489
005491
005493
005494
005496
005497
005498
005500
005501
005502
005503
005507
005509
005510
005512
005513
005514
005515
005516
005518
005521
005522
005525
005527
005528
005529
005530
005531
005533
005534
005535
005536
005537
005538
005539
005541
005542
005544
005545
005547
005548
005549
005550
005551
005553
005554
005555
005556
005557
005558
005560
005561
005562
005563
005565
005566
005569
005570
005571
005573
005575
005576
005577
005578
005581
005582
005583
005584
005586
005587
005589
005590
005591
005592
005594
005596
005597
005598
005600
005601
005602
005603
005604
005605
005606
005607
005609
005610
005611
005613
005615
005616
005617
005618
005619
005622
005626
005627
005628
005631
005632
005635
005636
005638
005639
005640
005641
005642
005643
005644
005645
005648
005649
005650
005651
005652
005653
005654
005655
005656
005657
005658
005659
005660
005661
005662
005664
005666
005667
005669
005671
005672
005673
005674
005675
005676
005677
005678
005679
005680
005681
005682
005684
005685
005687
005688
005689
005691
005692
005694
005697
005698
005699
005700
005701
005702
005704
005705
005706
005707
005708
005709
005710
005712
005713
005714
005716
005718
005720
005721
005723
005725
005726
005727
005728
005730
005731
005732
005735
005736
005737
005738
005739
005740
005741
005742
005743
005745
005747
005748
005749
005750
005753
005754
005756
005761
005764
005765
005766
005768
005769
005771
005772
005776
005777
005780
005781
005782
005783
005784
005785
005786
005787
005788
005789
005791
005793
005794
005795
005797
005798
005799
005800
005802
005805
005807
005809
005810
005811
005812
005813
005814
005816
005818
005819
005820
005821
005822
005823
005824
005826
005827
005828
005829
005830
005831
005832
005834
005837
005839
005841
005842
005843
005844
005845
005846
005848
005850
005851
005852
005853
005854
005855
005856
005857
005858
005859
005860
005861
005862
005863
005864
005866
005867
005868
005869
005871
005872
005873
005876
005878
005879
005880
005881
005882
005883
005884
005885
005886
005887
005889
005891
005893
005894
005895
005896
005897
005904
005905
005906
005907
005908
005910
005911
005912
005913
005914
005915
005916
005919
005920
005921
005922
005923
005925
005926
005929
005930
005932
005933
005935
005936
005938
005939
005940
005941
005943
005944
005945
005946
005949
005950
005951
005952
005955
005956
005957
005958
005959
005960
005962
005963
005964
005966
005968
005969
005970
005971
005972
005973
005974
005975
005976
005978
005980
005981
005982
005983
005984
005985
005986
005987
005989
005990
005993
005995
005997
005999
006000
006001
006002
006004
006007
006008
006009
006010
006011
006012
006013
006014
006016
006018
006019
006020
006022
006023
006026
006027
006028
006030
006031
006032
006036
006037
006038
006039
006040
006041
006042
006043
006044
006045
006046
006048
006049
006050
006053
006055
006056
006057
006058
006061
006062
006063
006064
006069
006070
006071
006074
006082
006083
006084
006085
006088
006091
006093
006095
006096
006098
006099
006100
006101
006103
006104
006105
006107
006108
006110
006111
006113
006114
006115
006116
006117
006119
006120
006122
006125
006126
006127
006128
006130
006131
006132
006133
006135
006136
006137
006138
006140
006141
006142
006143
006144
006145
006146
006149
006150
006154
006157
006161
006162
006164
006165
006167
006168
006169
006170
006171
006172
006173
006174
006175
006176
006177
006178
006179
006180
006181
006182
006183
006185
006188
006189
006190
006191
006192
006193
006195
006197
006198
006199
006200
006202
006203
006206
006207
006209
006210
006211
006212
006213
006214
006216
006217
006219
006220
006221
006223
006224
006225
006229
006230
006233
006234
006235
006236
006237
006238
006239
006243
006244
006245
006246
006247
006249
006250
006251
006252
006253
006254
006255
006256
006257
006259
006260
006262
006264
006265
006266
006267
006268
006269
006270
006271
006273
006274
006275
006277
006278
006279
006280
006281
006282
006283
006285
006286
006287
006288
006289
006290
006291
006295
006296
006297
006298
006301
006302
006303
006304
006305
006306
006307
006309
006310
006311
006312
006313
006316
006317
006318
006320
006321
006324
006325
006326
006327
006328
006329
006330
006331
006332
006333
006335
006336
006339
006340
006343
006344
006345
006346
006347
006348
006349
006351
006352
006353
006355
006357
006359
006360
006361
006362
006363
006364
006365
006367
006369
006370
006371
006372
006373
006376
006377
006378
006380
006381
006383
006384
006385
006386
006387
006388
006389
006390
006391
006392
006393
006394
006395
006397
006398
006399
006400
006401
006404
006405
006406
006408
006412
006413
006414
006415
006416
006417
006418
006419
006420
006421
006423
006424
006425
006427
006428
006429
006431
006432
006435
006436
006437
006438
006439
006440
006441
006442
006444
006445
006446
006447
006448
006449
006450
006452
006453
006454
006456
006457
006459
006460
006461
006462
006463
006464
006465
006466
006467
006469
006473
006475
006476
006477
006478
006479
006481
006482
006484
006485
006487
006488
006489
006490
006491
006493
006494
006495
006497
006499
006501
006505
006506
006507
006509
006511
006512
006513
006514
006515
006516
006517
006518
006519
006521
006523
006524
006525
006528
006529
006530
006531
006533
006534
006537
006538
006540
006541
006542
006543
006544
006545
006546
006547
006548
006550
006551
006553
006555
006556
006557
006558
006559
006560
006561
006562
006563
006565
006566
006569
006571
006574
006576
006577
006578
006580
006581
006582
006584
006586
006587
006588
006589
006590
006592
006593
006594
006596
006597
006598
006599
006601
006603
006604
006605
006607
006608
006609
006611
006612
006613
006614
006615
006616
006618
006619
006620
006621
006623
006624
006626
006627
006628
006629
006630
006632
006633
006634
006636
006637
006639
006641
006642
006643
006644
006645
006646
006647
006648
006650
006651
006657
006658
006659
006663
006664
006667
006668
006669
006670
006673
006674
006675
006677
006679
006681
006683
006684
006686
006688
006689
006690
006691
006692
006693
006694
006695
006696
006698
006700
006701
006702
006703
006704
006705
006707
006708
006709
006711
006712
006713
006714
006715
006716
006717
006718
006720
006721
006723
006724
006725
006726
006727
006728
006729
006730
006731
006732
006734
006735
006736
006737
006738
006739
006740
006741
006742
006743
006745
006746
006747
006748
006751
006752
006754
006755
006756
006757
006758
006759
006760
006761
006762
006763
006764
006765
006766
006767
006768
006771
006772
006773
006774
006775
006776
006777
006778
006779
006780
006781
006782
006784
006785
006786
006787
006788
006789
006790
006791
006792
006793
006794
006796
006797
006798
006800
006802
006803
006805
006806
006808
006809
006810
006811
006812
006814
006816
006817
006818
006819
006820
006821
006822
006824
006825
006826
006827
006828
006829
006831
006832
006834
006835
006836
006837
006839
006841
006843
006846
006847
006848
006849
006850
006852
006853
006854
006855
006856
006857
006858
006859
006860
006862
006863
006865
006866
006867
006868
006871
006872
006874
006875
006876
006877
006880
006881
006882
006884
006885
006886
006887
006888
006889
006890
006891
006895
006896
006898
006899
006900
006901
006902
006904
006905
006906
006907
006908
006911
006912
006913
006914
006915
006916
006917
006918
006919
006925
006926
006927
006928
006929
006930
006931
006932
006933
006934
006936
006937
006938
006939
006940
006943
006944
006945
006946
006947
006952
006953
006954
006956
006957
006958
006959
006961
006962
006963
006964
006967
006968
006969
006970
006971
006973
006974
006976
006977
006978
006980
006981
006982
006983
006984
006986
006988
006989
006990
006991
006993
006995
006997
006999
007000
007001
007006
007007
007008
007009
007010
007012
007013
007015
007016
007018
007020
007021
007022
007024
007025
007027
007028
007029
007030
007032
007033
007034
007035
007037
007038
007039
007040
007041
007042
007045
007046
007048
007049
007050
007051
007052
007053
007054
007055
007056
007057
007058
007059
007060
007061
007062
007063
007064
007065
007066
007067
007068
007070
007072
007074
007075
007076
007078
007079
007080
007082
007083
007084
007085
007086
007088
007089
007090
007091
007092
007093
007094
007095
007096
007098
007099
007101
007102
007103
007105
007106
007107
007108
007109
007110
007111
007112
007113
007114
007115
007116
007117
007118
007119
007120
007121
007122
007124
007125
007127
007128
007129
007130
007131
007132
007133
007134
007136
007137
007138
007139
007140
007141
007142
007143
007144
007146
007149
007151
007152
007153
007155
007156
007157
007158
007160
007161
007162
007164
007165
007166
007167
007168
007169
007171
007172
007173
007175
007176
007177
007178
007179
007180
007182
007184
007185
007186
007187
007189
007191
007192
007193
007194
007195
007196
007198
007199
007201
007202
007203
007204
007205
007207
007209
007211
007212
007213
007214
007215
007217
007218
007219
007220
007221
007222
007225
007227
007228
007229
007232
007233
007235
007236
007238
007240
007243
007244
007245
007246
007247
007248
007249
007251
007252
007253
007254
007256
007258
007259
007260
007261
007262
007263
007265
007267
007268
007270
007273
007274
007275
007276
007277
007278
007279
007280
007281
007282
007283
007284
007285
007286
007287
007289
007291
007292
007293
007294
007295
007296
007297
007298
007299
007300
007301
007302
007303
007304
007307
007309
007311
007312
007313
007314
007316
007317
007318
007319
007324
007328
007329
007330
007331
007332
007333
007335
007336
007337
007339
007340
007342
007343
007345
007348
007349
007352
007354
007355
007356
007357
007358
007360
007361
007364
007365
007367
007368
007369
007370
007371
007373
007374
007375
007376
007377
007378
007379
007380
007381
007382
007383
007384
007385
007386
007388
007389
007391
007393
007394
007395
007396
007397
007398
007400
007401
007402
007403
007404
007405
007406
007407
007409
007410
007411
007412
007413
007415
007416
007418
007419
007420
007423
007425
007426
007428
007430
007432
007433
007434
007437
007438
007439
007441
007442
007443
007445
007446
007447
007449
007450
007451
007453
007455
007456
007457
007459
007460
007461
007463
007464
007466
007467
007468
007469
007470
007471
007472
007474
007475
007478
007479
